16 0.561328 0.431250 0.167969 0.287500
16 0.409375 0.564583 0.035937 0.051389
16 0.486328 0.598611 0.074219 0.138889
16 0.307422 0.770833 0.078906 0.138889
16 0.777734 0.605556 0.111719 0.191667
16 0.901563 0.504861 0.082812 0.148611
16 0.229687 0.339583 0.070312 0.162500
16 0.132422 0.599306 0.263281 0.504167
16 0.358203 0.928472 0.050781 0.106944
16 0.533203 0.777778 0.077344 0.277778
16 0.611719 0.784028 0.107813 0.265278
16 0.871875 0.800000 0.090625 0.125000
16 0.730859 0.240278 0.064844 0.141667
16 0.817969 0.107639 0.095312 0.170833
16 0.455078 0.893750 0.030469 0.048611
16 0.810937 0.827083 0.045312 0.076389
16 0.941406 0.652778 0.117188 0.222222
16 0.692187 0.228472 0.098437 0.154167
16 0.971484 0.754167 0.032031 0.044444
16 0.893359 0.870833 0.022656 0.050000
16 0.131641 0.180556 0.046094 0.088889
16 0.088281 0.236806 0.035937 0.040278
16 0.973828 0.260417 0.052344 0.229167
16 0.969141 0.035417 0.021094 0.029167
16 0.642969 0.961111 0.100000 0.077778
