16 0.419922 0.113889 0.110156 0.169444
16 0.353125 0.463889 0.062500 0.175000
16 0.302734 0.540278 0.032031 0.069444
16 0.185938 0.529167 0.096875 0.111111
16 0.559766 0.583333 0.057031 0.138889
16 0.837500 0.059722 0.043750 0.066667
16 0.712109 0.496528 0.100781 0.173611
16 0.494141 0.563889 0.050781 0.061111
16 0.629297 0.690972 0.078906 0.120833
16 0.692578 0.688194 0.053906 0.106944
16 0.800000 0.630556 0.060937 0.100000
16 0.828516 0.388194 0.144531 0.334722
16 0.935547 0.586806 0.089844 0.229167
16 0.069531 0.713194 0.079687 0.148611
16 0.176953 0.754861 0.177344 0.276389
16 0.360547 0.915278 0.124219 0.169444
16 0.408984 0.754861 0.113281 0.198611
16 0.410938 0.707639 0.051562 0.068056
16 0.055078 0.150694 0.053906 0.098611
16 0.216406 0.175000 0.051562 0.077778
16 0.219531 0.225000 0.059375 0.097222
16 0.660547 0.314583 0.028906 0.051389
16 0.719922 0.899306 0.096094 0.173611
16 0.722656 0.954167 0.037500 0.058333
16 0.508203 0.841667 0.025781 0.050000
16 0.473828 0.915972 0.064844 0.104167
16 0.243359 0.972917 0.024219 0.048611
16 0.794141 0.799306 0.046094 0.123611
16 0.825781 0.819444 0.042188 0.086111
16 0.851172 0.839583 0.061719 0.120833
16 0.925000 0.841667 0.150000 0.316667
16 0.039453 0.244444 0.022656 0.038889
